CUBE 31.6095 38 -77.5838 -11 0 0 0.560002 2.92 0.28 30
FILLARC 11.1009 1 -29.436 0 90 0 1 1 1 100 0.000531659 0.00203261
CUBE -66.1612 38 -79.4536 -11 0 0 0.560002 2.92 0.28 30
CUBE 24.7363 38 39.4783 -11 0 0 0.560002 2.92 0.28 30
CUBE -69.0852 38 40.854 -11 0 0 0.560002 2.92 0.28 30
PYRAMID -17.1095 114 -20.4167 0 0 0 4.76 2.48 5.84 30
RECTANGLE -11.657 1 -55.1796 0 90 0 5.4 1 2.16 -10 -10 50 50
CUBE -70.292 14 -17.9486 90 0 0 3.8 1.04 0.2 30
CUBE 2.98485 16 -77.2324 0 0 0 4.08 1.04 0.2 30
CUBE -1.10425 16 38.6411 0 0 0 4.08 1.04 0.2 30
RECTANGLE 97.3572 5 -43.1029 -2 90 0 -1.2 1 1.28 -10 -10 50 50
RECTANGLE -3.68665 1 72.4253 -1 90 0 5.28 1 2.28 -10 -10 50 50
CONE 121.265 15 119.632 96 -87 0 1.28 2.64 1.24 10 30
CONE 14.9464 15 113.078 96 -87 0 1.28 2.64 1.24 10 30
CONE 69.9846 15 115.238 96 -87 0 1.28 2.64 1.24 10 30
RECTANGLE 311.496 -3 204.628 -91 90 0 1.52 1 1.68 -10 -10 50 50
RECTANGLE 266.689 2 -39.8697 0 90 0 1.44 1 4.6 -10 -10 50 50
RECTANGLE 193.914 2 200.232 -91 90 0 1.44 1 4.6 -10 -10 50 50
MS3D sheep2.ms3d 69.7701 0 -34.7337 0 0 0 1 1 1
MS3D tab3.ms3d 63.1086 0 2.56355 0 0 0 1 1 1
